Generation:
20

Phenotype:
def p():
  x = 0.0
  n = 25
  b = 207
  c = PX_OPEN[b]
  if PX_OPEN[b] < PX_OPEN[-1]:
    x = (x + 0.4)
  return x
XXX_output_XXX = p()

Genotype:
[64606, 13466, 68248, 76597, 36187, 93558, 1191, 16716, 3205, 73926, 19474, 609, 66138, 18055, 4346, 5781, 34801, 83673, 80414, 92760, 96022, 16142, 78163, 92050, 20956, 86013, 64391, 31040, 34575, 88749, 39611, 7908, 56628, 97885, 76550, 36330, 76597, 36187, 37356, 11405, 1914, 28140, 88926, 80820, 65305, 92467, 84504, 89191, 41086, 82778, 97462, 43082, 65784, 44221, 89450, 2982, 90020, 71019, 18074, 1252, 75946, 26149, 83246, 93492, 17733, 94162, 28653, 34442, 79265, 81377, 70733, 25736, 48091, 50373, 64190, 95601, 85679, 16831, 28204, 13178, 97259, 1632, 28003, 99458, 24436]
Tree:
None

Training fitness:
45588.6935218
Test fitness:
13330.0269877