Generation:
30

Phenotype:
def p():
  x = 0.0
  if sum(PX_LOW[-2146%len(PX_OPEN):])/len(PX_LOW[-3219%len(PX_OPEN):]) > PX_OPEN[642%len(PX_OPEN)]:
    for i in range(3+1):
      for i in range(0+1):
        x = (x / 1.0)
        x = 0.9
  if sum(PX_OPEN[-2146%len(PX_OPEN):])/len(PX_OPEN[-965%len(PX_OPEN):]) > sum(PX_OPEN[-3752%len(PX_OPEN):])/len(PX_OPEN[-1193%len(PX_OPEN):]):
    x = (x + 0.2)
    x = 0.1
  return x
XXX_output_XXX = p()

Genotype:
[1154, 70088, 20811, 28250, 33817, 8528, 45146, 83088, 19326, 48991, 20399, 94458, 34421, 93750, 70727, 82247, 86148, 76921, 37637, 44917, 28619, 72468, 17671, 16150, 43149, 41090, 31131, 5268, 62513, 94149, 45206, 12702, 94578, 70088, 50146, 28250, 33817, 83340, 5742, 54480, 45096, 5268, 99750, 58398, 55608, 83238, 94578, 46702, 65951, 78503, 9439, 94458, 30986, 36931, 45818, 26067, 41118, 77940, 15216, 40380, 72475, 82247, 92352, 76921, 77739, 44917, 68979, 57056, 16782, 94458, 76921, 77739, 44917, 35885, 57056, 16782, 94458, 34421, 93750, 20399, 94458, 34421, 59238, 70727, 26371, 53629, 28250, 8653, 8528, 38989, 83088, 98727, 49936, 20111, 43611, 26371, 57056, 26371, 79188, 63985, 45096, 10698, 71175, 33817, 8528, 24081, 42978, 19326, 3822, 9439, 94458, 93805, 97317, 64596, 52217, 57056, 97881, 28250, 33817, 66672, 47170, 64402, 60096, 64357, 83088, 19326, 32424, 34160, 94458, 34421, 97317, 76080, 26371, 91955, 16806, 78228, 85562, 44614, 28482, 23081, 8528, 62011, 62011, 83088, 19326, 48991, 9557, 94458, 34421, 97317, 70727, 26371, 57056, 97881, 87570, 83088, 19326, 13192, 85656, 22070, 29982, 16530, 20983, 83088, 19326, 13332, 9439, 32440, 34421, 97205, 70727, 95364, 57056, 97881, 45096, 53629, 90106, 32793, 19572, 91557, 96532, 91372, 43106, 93846, 27895, 68269, 54191, 68196, 14891, 63960, 50175, 28533, 56401, 14925, 80060, 45741, 55663, 94100, 24350, 10960, 70634, 12465, 33036, 49786, 12825, 57091, 69633]
Tree:
None

Training fitness:
3603789.6009
Test fitness:
15488.4189325