Generation:
20

Phenotype:
def p():
  x = 0.0
  n = 52
  b = 60
  if PX_HIGH[-1] > sum(PX_HIGH[-n:])/n:
    x = (x + 0.3)
  n = 183
  b = 30
  if PX_HIGH[-1] > sum(PX_HIGH[-n:])/n:
    x = 0.3
  n = 115
  b = 174
  if PX_LOW[b] < sum(PX_LOW[-n:])/n:
    x = (x / 0.3)
  return x
XXX_output_XXX = p()

Genotype:
[62665, 66848, 39601, 17076, 25144, 82061, 32778, 98081, 32242, 88831, 3676, 59085, 42538, 64056, 19102, 41773, 42855, 39543, 82061, 67926, 92185, 32242, 88831, 3676, 59085, 55741, 68660, 33332, 88868, 70348, 87691, 63240, 91932, 16952, 68396, 98684, 70955, 16020, 18512, 95974, 2512, 2380, 28862, 15410, 15114, 43215, 46353, 26669, 65235, 97593, 46201, 53867, 45355, 33990, 20184, 28874, 71720, 75267, 41868, 93943, 525, 21340, 61685, 39489, 35459, 54919, 20974, 20600, 53855, 74279, 23439, 92537, 32016, 34970, 70034, 83503, 56140, 24926, 77977, 22843, 82561, 78351, 61006, 85683, 63659, 29778, 66243, 98696, 69860, 17485, 42518, 19502, 80320, 74111, 90001, 87966, 18425, 15176, 13001, 16742, 32862, 48577, 43239, 33579, 86563, 52173, 97753, 82576, 96109, 58972, 79657, 93292, 92999, 6954, 96599, 88518, 37100, 27104, 50140, 7322, 7744, 20693, 42637, 7199, 40844, 43843, 50532, 23400, 96275, 83283, 14893, 85659, 91517, 33935, 76678, 19582, 59845, 2898, 97901, 19636, 87364, 40662, 20703, 74318, 56267, 87635, 48910, 3489, 42361, 97648, 94392, 13744, 22521, 71133, 94194, 77976, 63689, 97557, 30961, 79552, 94110, 49782, 71449, 62021, 8476, 8840, 42028, 16993, 79028, 23095, 91044, 89921, 50539, 68861, 86085, 37157, 77942, 65535, 99265, 3, 82634, 59778, 40758, 56007, 33837, 65451, 30249, 77567, 46385, 98698, 56250, 12768, 31215, 79594, 85208, 44215, 6916, 32601, 1500, 12399, 54674, 3226, 68970, 18716, 31984, 42498, 73631, 79332, 75311, 88338, 42538, 64056, 19102, 41773, 9999, 67320, 12927, 56254, 99516, 2712, 50694, 67677, 60193, 34187, 5881, 95357, 89834, 37433, 58623, 45126, 37939, 2438, 21865, 49716, 50336, 21464, 3592, 25310, 17411, 13769, 1956, 24524, 23154, 44416, 87820, 19861, 32449, 55220, 77147]
Tree:
None

Training fitness:
2157464.12941
Test fitness:
15894.997933