Generation:
10

Phenotype:
def p():
  x = 0.0
  n = 24
  n = 47
  if PX_HIGH[101] + PX_LOW[73] + PX_HIGH[182] + PX_HIGH[48] + PX_HIGH[221] < PX_LOW[106] + PX_OPEN[120] + PX_HIGH[18]:
    x = (x * 0.9)
  if PX_OPEN[6] < PX_LOW[203] + PX_LOW[181]:
    if PX_HIGH[2] < sum(PX_LOW[-n:])/n + PX_HIGH[1]:
      n = 204
      x = (x - 0.1)
      for i in [6, 0, 3, 3]:
        n = 38
        n = 26
        n = 230
        for i in range(3+1):
          x = 0.7
          x = x
    n = 98
    for i in range(3+1):
      x = (x * 0.2)
  return x
XXX_output_XXX = p()

Genotype:
[73707, 31260, 65152, 29790, 3893, 23545, 87131, 71569, 73178, 23520, 36915, 77247, 26771, 93521, 11319, 82914, 15763, 32463, 51683, 36763, 4027, 56460, 97441, 38671, 49547, 4455, 73458, 84586, 67037, 82483, 18472, 26258, 49110, 61379, 62039, 7006, 31430, 16609, 66714, 26830, 17687, 43435, 5366, 53687, 72674, 40204, 90772, 31416, 6762, 83587, 90054, 88521, 51513, 57993, 32988, 37470, 89615, 24270, 57785, 24051, 11322, 86764, 34382, 79524, 29603, 60227, 78644, 86281, 12256, 92843, 3959, 70395, 94949, 93947, 68251, 89189, 31909, 44528, 73486, 76291, 68106, 63687, 23311, 25756, 38108, 49025, 80157, 72397, 65929, 30443, 18555, 8814, 52429, 38043, 98932, 7320, 3030, 32080, 13237, 76884, 6529, 81227, 74724, 99071, 10250, 14161, 87615, 74729, 80020, 96622, 17752, 51922, 41222, 49548, 4712, 39617, 60772, 75302, 70766, 64490, 75506, 96441, 25843, 82701, 24443, 73657, 15835, 61797, 1212, 4776, 97716, 88191, 69319, 28532, 17035, 32816, 10308, 64762, 51844, 98867, 61785, 69726, 83466, 82281, 15261, 29678, 34754, 8687, 74112, 99517, 80817, 31744, 24744, 88707, 73862, 49901, 47077, 56165, 89739, 33617, 20162, 22467, 63024, 9491, 80459, 27045, 95806, 56341, 68707, 87566, 10960, 4833, 859, 17545, 77253, 86881, 92171, 38017, 17686, 59769, 66150, 5019, 16366, 6721, 6652, 73800, 49978, 63499, 94708, 50395, 79140, 73495, 7107, 3901, 18033, 37046, 99308, 78125, 32817, 24531, 66383, 18528, 6731]
Tree:
None

Training fitness:
821405.055882
Test fitness:
15488.4189325