Generation:
50

Phenotype:
def p():
  x = 0 + y
  for i in range(6+1):
    for i in range(6+1):
      for i in range(6+1):
        x = (x + 0.5)
        x = (x + 0.5)
      x = (x + 0.5)
    x = (x + 0.5)
  return x
XXX_output_XXX = p()

Genotype:
[64490, 36901, 60792, 48873, 65836, 91397, 94135, 54427, 74199, 33437, 26023, 30232, 76013, 67329, 9819, 94235, 49258, 60823, 56132, 72494, 82620, 84006, 9948, 73490, 47612, 75092, 15874, 25986, 47814, 35134, 84410, 97546, 5086, 91397, 30232, 80462, 38818, 56030, 87136, 65836, 62409, 94135, 12224, 41533, 11096, 47612, 33774, 15874, 360, 16450, 63599, 94135, 27887, 1439, 59872, 40955, 30232, 66496, 99787, 79847, 18539, 14866, 1258, 67714, 75326, 39270, 23118, 33889, 40217, 44103, 65836, 62409, 92153, 23460, 55779, 35438, 33064, 40601, 24875, 37700, 10036, 66430, 92153, 69100, 40601, 56135, 11267, 10036, 66430, 77278, 69100, 40601, 56135, 11267, 10036, 66430, 77278, 67714, 75326, 39270, 21572, 82347, 30232, 66496, 95908, 63950, 37954, 47612, 36370, 40754, 2130, 4831, 85042, 12458, 37258, 34470, 44436, 769, 63092, 63463, 31960, 74985, 81169, 47131, 56650, 8426, 50842]
Tree:
None

Fitness:
371.0