Generation:
15

Phenotype:
def p():
  x = 0.0
  n = 77
  n = 18
  for i in [1, 1]:
    n = 10
    x = (x / 0.2)
    if sum(PX_HIGH[-n:])/n < sum(PX_LOW[-n:])/n:
      n = 60
      x = (x * 1.0)
      x = 0.2
    n = 121
    x = (x * 0.1)
    if PX_OPEN[72] + PX_OPEN[56] + PX_OPEN[41] < PX_OPEN[131] ** PX_HIGH[177] + PX_OPEN[21] - sum(PX_LOW[-n:])/n:
      x = 0.1
    n = 182
    if PX_LOW[1] < sum(PX_LOW[-n:])/n ** PX_OPEN[125] + PX_LOW[104] + PX_LOW[131]:
      x = (x - 0.5)
      if PX_OPEN[33] + PX_LOW[65] + PX_OPEN[237] > sum(PX_OPEN[-n:])/n:
        x = 0.2
  return x
XXX_output_XXX = p()

Genotype:
[28687, 14210, 24958, 97985, 12494, 31574, 1248, 97236, 78301, 39497, 37482, 52735, 89427, 16570, 80962, 52666, 63743, 34397, 48948, 19444, 71440, 63105, 30245, 14091, 98803, 46556, 97477, 78532, 42196, 31084, 41384, 98642, 25688, 51721, 68694, 65140, 43056, 37455, 65019, 24288, 93714, 7722, 26811, 69128, 34475, 38743, 85513, 1737, 26283, 61770, 57529, 62759, 81873, 20747, 31293, 19246, 50683, 81597, 23934, 52960, 28947, 22442, 9042, 18737, 20110, 99043, 93582, 78515, 20168, 325, 73692, 96809, 46778, 85858, 14212, 62374, 4851, 90954, 88581, 55151, 21392, 61079, 58287, 83076, 89724, 2570, 68894, 10722, 38312, 38730, 96923, 83163, 72525, 82691, 31735, 97708, 80967, 43490, 69724, 37658, 57703, 38966, 8827, 65235, 35303, 55556, 28565, 37250, 59981, 89675, 36502, 67713, 49900, 56074, 93009, 6020, 76249, 92474, 29069, 4668, 34227, 81932, 76295, 76817, 58812, 56079, 23625, 29228, 99030, 24288, 93714, 7722, 26811, 39543, 47227, 710, 50915, 60441, 93374, 29597, 33783, 52143, 17388, 1986, 29545, 63104, 78058, 47482, 73799, 56829, 10151, 51894, 31299, 28844, 60315, 80966, 46736, 12835, 57199, 79659, 64699, 28985, 31991, 22938, 10663, 29293, 17698, 69735, 2758, 7391, 18510, 67767, 19721, 73445, 36952, 56701, 42592, 27336, 41886, 23722, 7811, 59471, 85934, 18575, 95920, 12583, 37451, 43105, 80689, 63572, 56945, 21831, 71303, 93082, 43379, 76286, 2101, 40341, 8996, 79639, 33111, 54855, 88001, 80637, 82185, 8317, 44325, 71677, 40249, 73361, 81738, 75161, 89945, 75657, 63858, 26276, 11882, 29743, 70039, 27863, 7272, 5294, 24736, 81259, 80811]
Tree:
None

Training fitness:
1029820.63781
Test fitness:
15488.4189325