Generation:
20

Phenotype:
def p():
  x = 0.0
  n = 164
  b = 111
  if PX_HIGH[-1] > sum(PX_LOW[-n:])/n:
    x = (x + 0.5)
  n = 167
  b = 82
  if PX_OPEN[-1] > PX_LOW[-1]:
    x = (x / 1.0)
  n = 229
  b = 234
  if sum(PX_OPEN[-n:])/n < PX_OPEN[83]:
    x = 0.7
  return x
XXX_output_XXX = p()

Genotype:
[74498, 41951, 2269, 46497, 53300, 44461, 64563, 18677, 28252, 9988, 60264, 60640, 22721, 99111, 39534, 58609, 51021, 26243, 9327, 8200, 53300, 80027, 64563, 36280, 86802, 24662, 54014, 67989, 13236, 46569, 89035, 59284, 39102, 67379, 1175, 24963, 34149, 93301, 58563, 10415, 82680, 2376, 24831, 57628, 44794, 58687, 58232, 28245, 34856, 16220, 49277, 18032, 36310, 14655, 29559, 42364, 57008, 92119, 16342, 74666, 3900, 88815, 67543, 17622, 52614, 50153, 49946, 99591, 15864, 88035, 14113, 19471, 1563, 8505, 21032, 47912, 46727, 42234, 6112, 16573, 77010, 50581, 97941, 67974, 90404, 7860, 28054, 89415, 63134, 91180, 5735, 74095, 77200, 61486, 15841, 59377, 40326, 38478, 93554, 65171, 82351, 99677, 97537, 36544, 27667, 69752, 59729, 46653, 56226, 93522, 29303, 30876, 92196, 52419, 98056, 74236, 56336, 23540, 3259, 32075, 16224, 12016, 63708, 18028, 56452, 73417, 29772, 20552, 55977, 44834, 40877, 41281, 73134, 76322, 50542, 12681, 23150, 5825, 83760, 79823, 89290, 15554, 88990, 26879, 33067, 72771, 54381, 82819, 19583, 31588, 38382, 44156, 97093, 91886, 42238, 49743, 64362, 15828]
Tree:
None

Training fitness:
1835161.72193
Test fitness:
15488.4189325