Generation:
8

Phenotype:
def p():
  x = 0.0
  n = 180
  for i in range(1+1):
    if PX_OPEN[21] + PX_HIGH[31] + PX_HIGH[182] / sum(PX_OPEN[-n:])/n - sum(PX_LOW[-n:])/n < PX_HIGH[58] + PX_LOW[223]:
      x = 0.9
    x = x
  return x
XXX_output_XXX = p()

Genotype:
[59544, 69078, 41532, 23304, 9483, 35356, 81602, 82059, 71331, 87751, 32723, 54879, 15731, 67086, 54679, 86695, 52778, 99545, 92859, 76281, 27282, 92962, 25861, 38125, 13220, 12124, 24099, 96674, 55656, 50604, 26481, 83620, 5408, 1288, 63878, 25036, 45586, 30808, 51809, 55081, 8772, 66543, 16290, 6048, 39084, 76479, 42895, 83086, 67119, 12130, 62153, 4759, 18493, 19059, 72147, 49688, 42547, 45798, 75954, 92820, 47681, 71149, 44547, 14010, 76455, 48988, 1147, 7228, 1607, 66838, 56040, 61173, 46230, 12939, 60864, 53819, 61812, 84010, 79455, 88886, 2050, 19279, 20842, 26090, 74575, 37659, 40052, 53276, 6605, 20483, 74773, 39084, 76479, 42895, 65493, 70498, 51874, 71277, 85093, 15834, 11679, 39484, 90157, 68729, 46579, 68610, 64377, 76456, 31656, 64695, 33347, 50369]
Tree:
None

Fitness:
1660684.53356