Generation:
15

Phenotype:
def p():
  x = 0.0
  n = 59
  if PX_OPEN[3] < PX_OPEN[197] + sum(PX_LOW[-n:])/n:
    n = 94
    for i in [1]:
      x = (x * 0.9)
    if PX_OPEN[3] < PX_OPEN[71] ** PX_OPEN[127]:
      n = 97
      if PX_HIGH[242] + PX_LOW[147] == sum(PX_OPEN[-n:])/n / PX_OPEN[98] + PX_OPEN[37]:
        n = 235
        x = (x + 0.7)
      n = 198
      x = 0.9
  return x
XXX_output_XXX = p()

Genotype:
[74678, 40050, 74253, 36221, 94152, 95312, 14936, 80469, 20652, 987, 81559, 88955, 29978, 59841, 36384, 28487, 26885, 32119, 69633, 84284, 49412, 77420, 85458, 92836, 98650, 99928, 90724, 85202, 41988, 15854, 91190, 98958, 95373, 1143, 37818, 94152, 95312, 14936, 80469, 20652, 987, 81559, 88955, 29978, 25377, 34782, 98963, 43108, 18373, 37818, 16117, 11888, 82492, 65779, 74623, 5399, 42283, 58386, 21374, 23188, 18446, 2588, 17859, 18557, 40115, 13396, 41604, 12516, 1539, 88282, 78064, 50643, 54464, 82533, 56371, 77726, 12861, 45253, 62166, 91482, 58952, 22096, 61604, 24955, 59730, 31404, 14298, 53604, 28328, 4238, 57054, 63679, 14032, 93456, 8546, 25298, 52237, 84204, 29959, 56290, 99996, 36669, 75228, 68043, 30428, 39437, 72941, 67976, 65977, 1020, 5363, 36000, 23969, 61144, 85028, 6140, 94821, 6576, 81165, 21265, 27381, 17407, 17603, 95489, 42591, 11842, 48111, 77378, 76890, 36743, 34831, 44914, 41424, 22382, 63401, 6146, 60624, 51780, 81077, 6416, 52401, 89515, 89490, 9761, 99948, 78233, 2001, 24680, 41754, 59350, 61322, 86823, 69239, 31403, 79919, 63278, 28914, 3967, 72706, 78057, 89979, 4298, 60511, 14628, 14075, 91696, 36497, 90959, 19839, 42032, 56603, 17296, 66794, 56155, 40457, 24710, 48788, 57296, 94871, 6106, 65718, 6033, 24024, 14930, 9469, 12340, 53774, 54756, 28193, 25674, 16911, 107, 22391, 21614, 41075, 73235, 71114, 65906, 27083, 59581, 11999, 84625, 97961, 51682, 68251, 86187, 74237, 9455, 24062, 50546, 23893, 40886, 25959, 55794, 97078, 78398, 64642, 53375, 56437, 13590, 73708, 16942, 42014, 89412, 97094, 28135, 66345, 55431, 22570, 26386, 59201, 86338, 34502, 29151, 14819, 89959, 87143, 63777, 67803, 54168, 33156, 27552, 12856, 50978, 61345, 97874]
Tree:
None

Training fitness:
1213316.39936
Test fitness:
15488.4189325