Generation:
20

Phenotype:
def p():
  x = 0.0
  n = 15
  b = 138
  c = PX_OPEN[b]
  if c < PX_HIGH[11]:
    x = 0.6
  n = 24
  b = 221
  c = PX_LOW[238] / PX_OPEN[-1]
  if PX_OPEN[b] < PX_HIGH[52] + PX_OPEN[b] * sum(PX_HIGH[-n:])/n - PX_OPEN[224] * sum(PX_OPEN[-n:])/n:
    x = 0.3
  return x
XXX_output_XXX = p()

Genotype:
[4266, 48390, 59433, 79447, 54135, 59467, 91158, 66924, 2629, 50496, 16493, 31727, 27625, 98884, 50933, 54285, 12985, 78772, 17941, 64230, 65770, 85091, 87541, 90535, 28695, 22301, 75257, 5158, 54135, 46226, 91158, 66924, 2629, 50496, 16493, 31727, 27625, 85515, 50933, 54285, 14710, 78772, 40972, 17941, 64230, 65770, 85091, 40483, 79820, 15307, 65057, 41987, 13526, 37833, 54135, 46226, 91158, 66924, 72096, 17995, 28432, 10226, 69295, 78132, 59130, 75857, 68471, 23971, 9685, 64572, 27625, 98884, 50933, 54285, 46661, 69401, 83799, 99348, 72998, 50177, 94256, 81059, 1532, 27394, 11284, 75656, 53013, 61584, 16326, 79851, 32365, 23782, 58460, 88120, 43900, 42928, 65945, 50736, 3264, 21591, 59750, 13826, 75504, 18616, 84595, 87135, 20329, 61985, 7037, 35204, 9481, 54597, 3131, 13290, 53565, 6842, 50080, 66471, 91158, 66924, 2629, 50496, 16493, 31727, 27625, 85515, 50933, 54285, 12985, 78772, 40972, 46961, 17941, 97397, 65770, 85091, 40483, 79820, 35279, 65057, 41987, 47318, 28695, 22301, 75257, 5158, 70848, 90190, 76564, 65765, 91689, 3764, 89705, 99540, 84172, 98162, 59818, 78251, 35849, 77976, 54714, 75424, 68150, 13072, 49499, 83170, 17193, 37, 43632, 45656, 5329, 38980, 39123, 32211, 38706, 36707, 96314, 98756, 87247, 84209, 41223, 5965, 21141, 50075, 98474, 54193, 7397, 77948, 98235, 91978, 16728, 7718, 54941, 95268, 68191, 45156, 51215, 8608, 85578, 36257, 4850, 67160, 65610, 4029, 55721, 55394, 85326, 82228, 33305, 64256, 23572, 63369, 82427, 36121, 84549, 37213, 73491, 53215, 71878, 55771, 31234, 58328, 41821, 48622, 75891, 57751, 65886, 70922, 41636, 97870, 65514, 50013, 68826, 20851, 43814, 41493, 84420, 88245, 23514, 11037, 85142, 43953, 33469, 45495, 17855, 60030, 38939, 94308, 82170, 80419, 24807, 65086, 34794, 89402, 33533, 20034, 46778, 68634, 21027, 41186]
Tree:
None

Training fitness:
41495.0964481
Test fitness:
9527.26402882