Generation:
6

Phenotype:
def p():
  x = 0.0
  n = 35
  b = 84
  c = PX_LOW[b] - sum(PX_OPEN[-n:])/n / PX_OPEN[229]
  if PX_LOW[230] > PX_OPEN[-1]:
    x = (x + 0.9)
  return x
XXX_output_XXX = p()

Genotype:
[22281, 99874, 81760, 97749, 45791, 82770, 53466, 13581, 87067, 1453, 47077, 43670, 33141, 81767, 82047, 66532, 95283, 64711, 82013, 13581, 87067, 35508, 47077, 34079, 41558, 44310, 60834, 14799, 22011, 52918, 65252, 8006, 75716, 83881, 62250, 49207, 58487, 16080, 45365, 51439, 26426, 33881, 564, 62979, 82914, 61694, 39420, 32272, 76088, 57467, 31720, 75440, 53953, 50310, 13774, 64675, 24485, 72767, 50997, 6661, 32038, 7565, 46497, 27583, 18092, 93463, 38933, 33512, 20155, 57909, 94756, 40810, 31357, 34677, 34908, 35131, 72698, 72616, 67201, 42162, 55244, 82067, 82814, 56867, 83184, 39858, 17972, 86051, 74696, 60088, 80752, 60763, 69492, 67036, 31013, 63467, 79152, 51875, 62137, 77126, 78485, 595, 17168, 2132, 2327, 95746, 93377, 64118, 81984, 6955, 61857, 17856, 63594, 81118, 71009, 19388, 35144, 32054, 50941, 36964, 49835, 94568, 7960, 67669, 73545, 50034, 49873, 44795, 5115, 38209, 64829, 18520, 29390, 91559, 94717, 86028, 39286, 92463, 45341, 39601, 62555, 33628, 98787, 96354, 5038, 94875, 34021, 29938, 43490, 50419, 77570, 34846, 44201, 88793, 12764, 55512, 1681, 23452, 23491, 81472, 19272, 62016, 88892, 62824, 14166, 50697, 72991, 43193, 68583, 18018, 81069, 24204, 66463, 12113, 68698, 81145, 91371, 16826, 18758, 98199, 22220, 50756, 6914, 2348, 69338, 90889, 54212, 88998, 13449, 98104, 24244, 30240, 46260, 98754, 46814, 22938, 952, 85842, 77361, 12897, 60925, 15693, 96367, 54791, 50999, 39673, 87738, 43987, 40232, 19508, 95829, 32544, 24817, 78848, 59186, 69586, 94515, 6625, 53210, 74572, 15921, 16480, 29210, 10657, 58182, 87522, 8940, 71895, 22538, 54650, 28335, 1430, 92813, 75404, 45069, 45604, 38251, 65143, 74757, 15564, 99897, 785, 52991, 36667, 38734, 85930, 96914, 79509, 70809, 68150, 45419, 14149, 72667, 99520, 21457, 32912, 71000, 88131, 12786, 42142, 57637, 32673, 92986, 90208, 77659, 50948, 23376, 35813, 7215, 63209, 13523, 94178, 68348, 1730, 90116, 81442, 59597, 48873, 11172, 46322, 85329, 28945, 27480, 25964, 37351, 90795, 98900, 12883, 57313, 92946, 79678, 65896, 16040, 66064, 22563, 37360, 46309, 49725, 23537, 72246, 83104, 29922, 49752, 6625, 98886, 69686, 55982, 30667, 65393, 48201, 23083, 6644, 70784, 32364, 8810, 72640, 2877, 46242, 74105, 35693, 11211, 49988, 2410, 4842, 40728, 86764, 93216, 52126, 40165, 67565, 90144, 81516, 38131, 66731, 75042, 6661, 31461, 96374, 20768, 68043, 721, 29400, 86676, 42819, 9848, 82346, 29526, 66936, 99789, 47867, 14237, 24877, 99121, 5216, 25088, 17331, 60492, 69626, 89161, 45601, 65075, 15754, 38582, 16430, 10772, 60244, 28306, 84838, 90738, 98086, 85489, 28466, 91682, 78795, 63849, 54974, 32330, 73444, 34340, 41612, 48886, 31146, 76667, 78009, 52768, 13986, 74333, 82934, 40592, 85549, 25070, 56234, 80521, 5919, 5542, 52665, 65126, 52301, 90649, 44170, 85013, 59582, 87799, 21706, 97803, 94420, 28100, 36399, 14491, 22371, 52283, 61379, 67176, 97548, 45581, 31319, 91284, 48306, 28015, 23835, 36764, 33766, 14441, 17365, 63942, 28018, 72017, 92409, 99079, 31606, 88601, 74753, 46998, 17410, 72525, 72612, 91470, 98890, 67842, 56453, 50723, 37949, 36930, 87170, 85415, 23939, 25744, 15196, 5356, 94524, 84378, 26516, 60495, 74858, 48351, 56915, 67952, 84483, 94693, 12418, 82073, 88058, 97077, 79532, 60511, 17379, 2931, 24090, 28924, 35755, 50538, 22212, 38687, 10600, 87482, 6607, 5365, 59443, 9531, 79546, 46986, 82897, 76714, 79519, 12079, 55607, 48186, 52851, 22959, 47388, 52143, 95677, 21489, 79824, 71081, 26250, 51917, 90358, 96204, 56135, 19965, 6654, 45135, 48343, 96674, 19259, 19702, 13667, 10833, 29962, 18725, 15230, 22827, 45327, 31558, 75170, 48844, 32779, 52453, 11478, 2808, 43249, 63207, 55971, 89227, 58120, 33304, 18156, 36605, 50384, 3473, 47479, 16499, 9921, 24343, 78344, 20406]
Tree:
None

Fitness:
34027.8740349