Generation:
15

Phenotype:
def p():
  x = 0.0
  n = 173
  n = 109
  if PX_LOW[12] + PX_OPEN[185] > sum(PX_HIGH[-n:])/n:
    n = 149
    n = 13
    if PX_LOW[160] > PX_HIGH[21]:
      x = (x + 0.5)
    n = 23
    n = 222
    if PX_HIGH[230] > PX_HIGH[84] + PX_HIGH[211]:
      x = (x + 0.6)
      n = 169
      n = 80
      n = 55
      x = (x - 0.3)
      n = 128
      x = (x * 0.2)
  for i in [0]:
    n = 121
    n = 211
    n = 175
    n = 239
    if PX_OPEN[187] < sum(PX_OPEN[-n:])/n:
      n = 146
      n = 77
      x = 0.9
  return x
XXX_output_XXX = p()

Genotype:
[26924, 25151, 31712, 9275, 23825, 1335, 91129, 48706, 51011, 13771, 23822, 17970, 36230, 93000, 98691, 39299, 80781, 1228, 16162, 90599, 68772, 25733, 78911, 57939, 63481, 7618, 13652, 7271, 10261, 70904, 31648, 47487, 71613, 7675, 22653, 30228, 47490, 34250, 94754, 51194, 30594, 20687, 71687, 74652, 32202, 95835, 80891, 83510, 22515, 54559, 68921, 58096, 14990, 237, 51898, 9280, 29620, 46824, 3463, 59251, 81250, 58869, 6152, 5585, 47765, 4597, 85285, 71381, 53453, 84458, 73526, 46604, 20965, 94081, 40023, 64102, 48882, 5429, 51566, 18332, 24681, 6978, 28293, 89451, 41256, 53647, 29883, 79314, 60224, 73113, 36561, 43697, 69685, 52027, 51464, 27213, 48673, 24446, 70251, 95869, 37709, 25884, 87815, 38667, 53246, 19796, 62721, 11070, 41515, 33649, 70408, 43401, 21713, 16896, 62630, 49712, 13130, 37223, 31170, 24000, 8898, 44378, 13894, 74893, 50061, 20485, 82880, 89930, 23340, 52513, 53404, 26056, 74424, 53404, 1407, 55121, 55346, 18447, 48590, 80888, 50725, 30354, 52806, 8165, 53963, 39885, 6546, 17276, 31949, 78996, 82363, 18233, 76135, 80134, 74987, 66828, 4485, 75225, 38894, 11031, 47728, 36781, 4279, 17547, 88765, 39205, 83910, 84970, 76821, 39424, 2000, 82861, 44205, 41596, 54084, 16296, 98409, 28023, 15147, 41360, 24680, 2613, 46589, 51597, 1879, 27895, 53575, 86150, 52638, 94653, 94412, 64191, 33676, 84481, 25987, 92361, 22210, 95563, 35550, 12322, 14200, 13918, 90461, 71916, 78056, 76332, 53831, 23892, 10201, 49134, 94704, 42465, 39853, 69366, 4812, 65199, 426, 92945, 6922, 83705, 762, 780, 35433, 72820, 42201, 62051, 38673, 26768, 55994, 30154, 5391, 957, 78706, 43631, 78116, 63466, 21391, 3648, 14798, 63997, 33063, 24848, 2971, 95430, 37197, 60067, 39340, 64372, 71978, 29730, 87020, 30554, 79797, 26541, 45890, 8277, 58594, 83476, 78384, 71329, 24193, 17461, 61200, 13141, 41158, 45203, 29537, 40257, 96874, 34643, 11726, 24966, 72059, 32661, 95609, 55976, 87290, 80792, 8102, 80172, 20944, 93257, 48559, 71042, 95287, 28294, 93455, 37693, 45110, 64588, 66217, 58506, 8130, 95641, 27562, 46677, 69726, 64017, 90860, 67167, 95200, 81843, 29091, 47819, 68590, 98552, 17036, 57683, 15235, 4112, 14577, 18818, 37967, 96922, 18156, 23132, 89894, 53765, 10384, 78115, 33765, 30933, 44625, 20912, 64922, 40092, 42604, 64748, 41624]
Tree:
None

Fitness:
746075.183918