Generation:
15

Phenotype:
def p():
  x = 0.0
  n = 15
  b = 138
  c = PX_OPEN[b]
  if c < PX_HIGH[11]:
    x = 0.6
  n = 30
  b = 127
  c = PX_OPEN[-1]
  if c > sum(PX_LOW[-n:])/n:
    x = (x - 0.9)
  n = 189
  b = 193
  c = sum(PX_OPEN[-n:])/n
  if PX_LOW[-1] + sum(PX_LOW[-n:])/n > sum(PX_HIGH[-n:])/n + sum(PX_LOW[-n:])/n / PX_LOW[-1]:
    x = (x + 0.8)
  return x
XXX_output_XXX = p()

Genotype:
[88817, 11748, 59433, 79447, 54135, 46226, 91158, 66924, 25077, 50496, 16493, 31727, 27625, 98884, 50933, 54285, 12985, 87469, 32674, 10116, 36978, 89179, 52986, 12286, 87945, 83741, 7656, 73592, 42287, 44162, 28138, 11856, 9192, 21591, 42972, 79159, 27914, 54640, 32718, 76606, 34327, 41900, 62150, 32984, 24108, 27868, 13739, 67632, 42299, 35930, 56808, 21964, 43728, 14151, 88784, 52352, 68420, 34659, 97022, 15293, 49951, 90727, 36545, 20351, 63932, 9361, 49600, 41621, 19186, 90771, 28176, 4084, 97857, 65246, 47393, 21275, 31634, 7361, 4653, 39078, 16861, 88589, 31051, 95970, 32665, 61443, 67067, 61985, 7037, 35204, 1347, 54597, 3131, 13290, 53565, 6842, 50080, 66471, 93834, 78449, 89036, 25160, 67457, 12368, 16057, 84264, 6161, 88575, 74269, 20836, 99667, 88639, 16668, 91946, 49707, 49830, 3116, 55661, 99000, 33498, 11330, 25468, 88778, 90372, 96024, 89177, 54666, 18644, 29411, 33140, 70798, 12928, 40098, 93405, 73657, 60593, 99541, 83565, 32225, 70097, 98926, 74672, 15937, 53733, 78751, 74423, 36662, 78583, 83482, 99397, 96854, 68340, 75320, 26921, 76390, 25757, 8711, 45610, 73306, 63054, 54181, 96425, 62253, 96017, 46735, 50586, 96421, 45170, 26631, 83848, 8695, 56205, 30398, 59741, 5657, 58650, 42618, 38718, 58276, 30236, 84559, 29784, 24416, 89756, 77587, 51957, 90710, 91435, 82429, 26696, 53158, 47796, 17808, 54162, 90725, 92947, 97516, 78850, 51353, 20991, 35770, 12118, 62081, 56445, 4267, 25446]
Tree:
None

Fitness:
31896.4552233