Generation:
15

Phenotype:
def p():
  x = 0.0
  n = 151
  n = 101
  n = 196
  n = 206
  n = 156
  n = 2
  if sum(PX_LOW[-n:])/n > PX_OPEN[28]:
    x = 0.5
  return x
XXX_output_XXX = p()

Genotype:
[62121, 33099, 86176, 20815, 20708, 40678, 18551, 79622, 81055, 84574, 50870, 55606, 69332, 46958, 81012, 11718, 59, 71876, 89546, 33870, 60575, 11710, 19180, 43157, 82146, 48365, 42087, 58084, 507, 45753, 65610, 39774, 50814, 79625, 76439, 72114, 18243, 15515, 44633, 20873, 28755, 96393, 28951, 76505, 76469, 33594, 36716, 26686, 47525, 17196, 44205, 20944, 12300, 56685, 33649, 77808, 12902, 5641, 83676, 17074, 35947, 3878, 58474, 68930, 33420, 30693, 12570, 55206, 99326, 8103, 28360, 43644, 44058, 74642, 56031, 59008, 66846, 36306, 20315, 41546, 64090, 87048, 64430, 25655, 46330, 73579, 28252, 74234, 95792, 88522, 12382, 53840, 27294, 10677, 31140, 12795, 12014, 6591, 89524, 90726, 63735, 61262, 19038, 6286, 3312, 40590, 89883, 24548, 54668, 19372, 27283, 26282, 61419, 12408, 89896, 27410, 56709, 79257, 47950, 61058, 72255, 99435, 33400, 39290, 99099, 43276, 8093, 24194, 64712, 8126, 61272, 21386, 8900, 65893, 2688, 58512, 19232, 44437, 12372, 30795, 95887, 61049, 537, 62206, 98709, 59475, 50758, 38964, 52951, 75558, 99332, 36747, 62163, 48459, 85177, 3233, 32286, 37799, 19570, 4496, 7162, 99752, 61742, 2908, 22788, 82849, 80190, 24904, 51359, 10726, 51949, 64033, 51734, 42992, 60233, 81451, 95615, 46288, 2742, 66482, 34683, 2359, 37809, 19404, 65373, 76255]
Tree:
None

Training fitness:
1063384.82653
Test fitness:
13187.7138852