Generation:
50

Phenotype:
def p():
  x = 0.0
  for i in range(6+1):
    for i in range(6+1):
      for i in range(5+1):
        x = (x + 0.5)
        x = (x + 0.5)
      for i in range(4+1):
        x = (x + 0.5)
  for i in range(6+1):
    for i in range(6+1):
      for i in range(6+1):
        x = (x + 0.5)
      x = (x + 0.5)
  return x
XXX_output_XXX = p()

Genotype:
[47634, 33237, 31711, 95823, 54314, 96981, 10821, 37698, 55401, 72539, 84471, 95178, 41493, 12817, 35718, 24089, 35047, 88649, 99306, 29606, 69997, 29306, 93152, 4410, 14386, 55600, 23153, 80627, 85131, 21270, 64830, 42072, 94366, 11692, 36314, 95823, 54314, 96981, 10821, 37698, 55401, 72539, 84471, 95178, 41493, 12817, 35718, 24089, 21090, 77814, 99306, 29606, 69997, 94366, 93152, 4410, 14386, 55600, 23153, 80627, 85131, 21270, 64830, 42072, 94366, 56764, 74814, 66161, 36314, 31386, 47006, 6698, 68090, 96981, 10821, 37698, 280, 72539, 84471, 95178, 41493, 12817, 97701, 24089, 35047, 88649, 99306, 29606, 69997, 94366, 93152, 4410, 14386, 55600, 23153, 80627, 85131, 21270, 64830, 42072, 94366, 56764, 13971, 38974, 36314, 31386, 47006, 95823, 64174, 88539, 57322, 37698, 55401, 53482, 44441, 95178, 41493, 12817, 64222, 15488, 15685, 88649, 99306, 29606, 69383, 94366, 56764, 97070, 73001, 30014, 94517, 95360, 75385, 2394, 14974, 46674, 42842, 85131, 9031, 65453, 21270, 49230, 70643, 59229, 46610, 51819, 2, 54095, 3014, 45425, 25586, 54676, 37698, 55401, 99614, 82728, 58062, 54117, 99306, 85178, 96181, 40666, 23757, 93869, 87885, 36, 55000, 13852, 44498, 19485, 2394, 58859, 46674, 11185, 19721, 21270, 54314, 58513, 25171, 2034, 26501, 8377, 70643, 59229, 46610, 52849, 84471, 5961, 29606, 30273, 11968, 87744, 74814, 10387, 93152, 65453, 419, 70643, 77282, 44298, 88243, 78899, 83312, 58118, 88069, 2394, 44710, 25850, 40407, 54928, 89099, 79635, 8465, 41517, 419, 70643, 59862, 44298, 19485, 2394, 85507, 50892, 11185, 85131, 36290, 53780, 29606, 30273, 91582, 27774, 49481, 89966, 70784, 51394, 5463, 39707]
Tree:
None

Fitness:
612.5