Generation:
13

Phenotype:
def p():
  x = 0.0
  n = 173
  b = 56
  c = sum(PX_OPEN[-n:])/n
  if PX_OPEN[-1] > PX_LOW[21]:
    x = (x * 0.8)
  n = 61
  b = 143
  c = sum(PX_HIGH[-n:])/n
  if c < PX_LOW[-1] * PX_LOW[-1]:
    x = (x / 0.4)
  n = 167
  b = 186
  c = PX_OPEN[-1]
  if PX_LOW[221] > sum(PX_OPEN[-n:])/n:
    x = (x + 0.6)
  n = 83
  b = 46
  c = sum(PX_OPEN[-n:])/n
  if PX_LOW[b] > sum(PX_OPEN[-n:])/n:
    x = 0.5
  n = 214
  b = 238
  c = PX_LOW[b]
  if c > PX_LOW[b]:
    x = (x / 0.8)
  return x
XXX_output_XXX = p()

Genotype:
[28752, 1573, 2625, 73943, 25019, 90222, 15554, 81524, 79988, 11085, 49224, 81330, 11973, 2822, 80433, 57251, 85383, 93973, 53607, 42954, 9603, 11377, 28080, 34829, 65958, 64308, 89662, 49923, 93889, 93403, 90830, 28982, 17618, 54714, 54622, 59264, 68159, 89683, 82797, 8690, 59945, 80774, 68328, 75472, 40306, 14706, 71002, 73801, 95357, 61475, 62104, 95260, 87924, 75266, 54655, 86340, 40934, 39197, 16790, 56872, 91883, 49120, 34269, 65444, 99729, 60620, 89340, 31432, 54417, 91085, 88724, 30772, 22063, 87790, 31906, 23854, 83255, 45649, 87830, 54085, 73362, 48833, 27014, 12474, 46027, 3045, 48767, 51904, 23877, 3783, 91844, 36014, 34177, 21841, 37882, 62450, 42917, 34470, 339, 81697, 23572, 13152, 54476, 96239, 84335, 30976, 21868, 58301, 2479, 65666, 66694, 97260, 81134, 99261, 19899, 58035, 49235, 36278, 28148, 78877, 41738, 92184, 12200, 69658, 24958, 77431, 92967, 33909, 14433, 28022, 21929, 70552, 38296, 87329, 88779, 8560, 61177, 21185, 80974, 95252, 36803, 87797, 30724, 28388, 42637, 51541, 62656, 30790, 70980, 394, 80644, 34490, 2980, 43396, 76254, 9420, 7426, 80538, 27893, 90711, 88606, 64586, 48338, 2331, 59708, 82202, 47462, 97389, 45924, 53308, 68507, 80337, 22687, 94894, 90931, 79747, 65520, 64801, 35267, 55256, 48400, 294, 39027, 97165, 39596, 13130, 24520, 60620, 89340, 93750, 54417, 91085, 88724, 30772, 22063, 87790, 18882, 23854, 76518, 53196, 84281, 24415, 39645, 52730, 17161, 21641, 70664, 40056, 75289, 65505, 37305, 24001, 72669, 32756, 31812, 76496, 97087, 55150, 83213, 18244, 68370, 6179, 3526, 93740, 95855, 37477, 57315, 26376, 6716, 76026, 85036, 35034, 15310, 63978, 25221, 50265, 99426, 93961, 61272, 29679, 5134, 15232, 96539, 54690, 25787, 13519, 68578, 76139, 54097, 27585, 40217, 72722, 804, 39951, 84642, 4353, 7242, 68598, 52562, 52068, 91893, 88750, 4548, 1434, 88127, 71437, 68034, 59507, 93376, 14195, 9140, 43074, 13211, 15804, 95609, 68359, 52857, 10714, 69216, 16970, 53538, 35314, 34076, 44740, 84837, 10454, 1505, 10832, 34130, 90515, 45612, 84792, 48383, 26536, 52355, 49982, 47907, 89390, 57447, 27584, 38701, 30112, 49374, 34216, 78568, 14244, 74167, 40084, 42215, 52987, 7161, 58569, 59643, 34035, 43792, 46545, 58049, 21667, 99469, 41057, 66630, 57235, 85214, 98940]
Tree:
None

Fitness:
40639.4432708