Generation:
50

Phenotype:
((plog(pdiv(plog(x[0]), psqrt(-0.1))) * (0.001 * -1.0)) + (psqrt(0.1) - x[0]))

Genotype:
[64560, 50550, 111, 39389, 9137, 55485, 87521, 88703, 49718, 84918, 92164, 87996, 26502, 9099, 39913, 8326, 3120, 56864, 18268, 27799, 86959, 11824, 61641, 23905, 63796, 29412, 83609, 69070, 66359, 27963, 49247, 43164, 5934, 1479, 63485, 89559, 32108, 66384, 99457, 35859, 14998, 12057, 28341, 47677, 38270, 33068, 14303, 45527, 94082, 52543, 60507, 88015, 22079, 77023]
Tree:
None

Training fitness:
0.84794672586
Test fitness:
0.821917808219