Generation:
14

Phenotype:
def p():
  x = 0.0
  n = 218
  b = 166
  c = PX_OPEN[-1] - sum(PX_OPEN[-n:])/n
  if PX_OPEN[b] < PX_HIGH[-1]:
    x = 0.8
  return x
XXX_output_XXX = p()

Genotype:
[86672, 49343, 66968, 81663, 23342, 68434, 6070, 97658, 68403, 32596, 942, 26736, 52677, 93780, 85995, 14084, 89613, 24378, 53147, 98906, 36247, 52680, 35997, 76480, 59632, 37283, 54610, 86904, 4103, 40415, 5103, 39847, 24882, 55529, 83967, 71475, 27577, 77221, 9848, 2095, 28400, 77602, 1264, 40789, 48100, 78261, 12487, 61363, 91577, 57224, 52189, 71098, 75238, 4554, 63130, 94207, 78607, 13793, 61451, 66387, 14135, 58097, 36987, 48195, 62793, 88810, 60209, 94165, 62602, 71372, 79892, 51804, 23648, 23684, 37869, 42183, 87605, 31539, 38737, 72252, 1640, 58464, 48349, 93366, 41297, 22383, 45279, 82137, 56023, 69856, 14321, 97560, 58365, 16722, 53579, 22011, 13459, 5429, 34562, 17948, 43521, 51905, 38109, 38338, 33007, 49218, 80270, 82151, 31630, 71054, 28007, 12709, 57328, 38839, 9717, 65552, 41428, 59878, 13075, 59987, 12697, 33119, 12744, 56453, 93692, 63328, 50855, 12242, 72081, 26569, 74416, 59608, 66601, 68456, 20130, 72817, 73291, 81453, 37367, 69038, 60420, 90526, 97767, 68493, 19654, 25151, 29292, 31860, 24403, 31732]
Tree:
None

Fitness:
60632.3879527