Generation:
50

Phenotype:
def p():
  x = 0.0
  if points[2370%len(points)] + points[2244%len(points)] ** points[1445%len(points)] + points[3048%len(points)] > sum(points[-394%len(points):])/len(points[-2130%len(points):]):
    for i in [5, 3]:
      x = 0.4
  x = (x * 1.0)
  return x
XXX_output_XXX = p()

Genotype:
[53357, 35778, 87359, 54116, 75627, 3175, 79680, 41327, 81893, 76059, 34233, 86470, 54116, 78931, 3175, 79680, 41327, 81893, 23719, 34233, 38022, 13130, 54966, 34918, 31510, 33628, 96601, 20228, 68130, 2824, 43265, 41448, 43344, 25885, 19310, 44740, 2377, 64254, 36030, 74775, 90471, 82122, 53226, 92628, 55093, 86120, 72264, 57144, 99463, 91094, 78246, 80571, 40819, 39668, 72774, 91710, 18162, 27514, 10299, 86742, 73743, 94173, 16038, 50072, 45127, 47459, 45192, 55251, 44688, 68232, 16825, 91109, 18671, 27084, 78692, 18162, 3584, 60462, 33428, 14024, 25689, 92628, 38575, 89943, 2442, 83562, 9597, 35696, 79201, 78692, 4497, 49657, 91452, 80835, 16855, 84058, 64254, 65439, 68078, 69636, 2427, 20736, 6193, 85699, 41535, 72264, 50168, 78375, 95679, 36336, 98519, 90234, 78246, 80571, 53782, 8071, 2442, 8894, 64291, 57144, 36576, 35724, 50708, 41013, 68232, 19110, 50256, 73767, 37523, 1722, 52669, 89248, 52731, 13989, 77102, 53756]
Tree:
None

Training fitness:
1474466.40216
Test fitness:
15488.4189325