Generation:
10

Genotype:
[59544, 69078, 41532, 23304, 9483, 35356, 81602, 82059, 71331, 87751, 32723, 54879, 15731, 67086, 54679, 86695, 52778, 99545, 96671, 76281, 27282, 75697, 25861, 38125, 13220, 12124, 24099, 96674, 55656, 50604, 88131, 83620, 5408, 1288, 63878, 34260, 45586, 34510, 51809, 55081, 8772, 66543, 16290, 6048, 39084, 76479, 42895, 83086, 67119, 12130, 62153, 4759, 18493, 19059, 72147, 49688, 42547, 45798, 75954, 92820, 47681, 71149, 44547, 14010, 76455, 48988, 1147, 7228, 1607, 66838, 56040, 61173, 46230, 12939, 60864, 53819, 61812, 84010, 79455, 88886, 2050, 19279, 20842, 26090, 74575, 37659, 40052, 53276, 6605, 20483, 74773, 39084, 76479, 42895, 65493, 70498, 51874, 71277, 85093, 15834, 11679, 39484, 90157, 68729, 46579, 68610, 64377, 76456, 31656, 64695, 33347, 50369]
Tree:
None

Training fitness:
1134055.20972
Test fitness:
15488.4189325