Generation:
10

Phenotype:
def p():
  x = 0.0
  n = 33
  b = 136
  if PX_HIGH[b] > 1.0:
    n = 166
    b = 98
    x = (x + 0.6)
  return x
XXX_output_XXX = p()

Genotype:
[17634, 17847, 58530, 39298, 40377, 81579, 31870, 75159, 35720, 57406, 77656, 35720, 24944, 75159, 35720, 57406, 77656, 35720, 24944, 2064, 98396, 31215, 57550, 68278, 86965, 70767, 43968, 114, 57499, 18791, 93930, 74361, 30930, 16356, 50726, 33771, 52340, 83904, 44477, 65629, 30595, 69756, 20424, 72244, 16085, 47478, 71372, 9523, 37659, 69781, 78646, 41195, 51220, 72702, 69452, 51894, 52756, 85430, 50976, 49721, 39402, 23258, 12130, 80165, 51256, 59704, 16097, 93820, 67187, 62085, 19938, 98658, 95999, 32199, 50862, 22559, 26588, 16808, 25082, 58769, 56484, 46753, 52750, 22686, 37358, 32583, 589, 14549, 55677, 55321, 10670, 51462, 81010, 37252, 25263, 11182, 17135, 68828, 94787, 42266, 72841, 99889, 30408, 91916, 36688, 95450, 94949, 59013, 68887, 94595, 43267, 71897, 63031, 11397, 84722, 53659, 12560, 31695, 38926, 39041, 57510, 88225, 12562, 56318, 19963, 84091, 10717, 57329, 47877, 16188, 9629, 59204, 20954]
Tree:
None

Training fitness:
620674.720654
Test fitness:
15488.4189325