Generation:
30

Phenotype:
def p():
  x = 0.0
  n = 191
  n = 5
  n = 200
  n = 201
  for i in range(4+1):
    if PX_HIGH[18] < sum(PX_OPEN[-n:])/n:
      x = 0.4
  n = 147
  for i in range(2+1):
    n = 142
    n = 242
    if sum(PX_LOW[-n:])/n < PX_LOW[104]:
      x = 1.0
  return x
XXX_output_XXX = p()

Genotype:
[88555, 17008, 72357, 48407, 30452, 55861, 93977, 37235, 442, 6350, 48920, 19300, 71787, 52441, 43498, 82650, 81971, 19044, 33867, 26129, 13606, 87883, 8641, 42273, 56905, 13056, 26128, 15396, 21039, 41925, 39759, 79728, 72163, 31133, 13082, 8757, 27945, 30262, 11661, 74423, 49842, 89762, 8053, 25234, 4664, 94176, 20660, 40827, 10100, 46188, 62040, 39287, 6061, 67933, 84986, 85958, 73389, 83745, 29274, 779, 51030, 55464, 96768, 90721, 93467, 28568, 37790, 11878, 89911, 66948, 7538, 91898, 81302, 96596, 33867, 26129, 24654, 87883, 58557, 35348, 3365, 53968, 92982, 86514, 11811, 7538, 91898, 88838, 30360, 32706, 33028, 66703, 66890, 31764, 84189, 52302, 93078, 46637, 8817, 72801, 96298, 56379, 73740, 87505, 24792, 67514, 58249, 84189, 7262, 76288, 2537, 40384, 2773, 99069, 79728, 71706, 55193, 88359, 61260, 94967, 35348, 82258, 53968, 92982, 86514, 11811, 81438, 13810, 86074, 19991, 1916, 20742, 59877, 70171, 87950, 31353, 72679, 57426, 57602, 28039]
Tree:
None

Training fitness:
1186561.78504
Test fitness:
13448.0117283