Generation:
14

Phenotype:
def p():
  x = 0.0
  n = 185
  b = 204
  c = sum(PX_HIGH[-n:])/n
  if c > PX_HIGH[163]:
    x = (x + 0.9)
  n = 20
  b = 37
  c = PX_HIGH[b]
  if c > PX_LOW[4] * sum(PX_OPEN[-n:])/n + sum(PX_OPEN[-n:])/n:
    x = 0.2
  n = 215
  b = 235
  c = PX_LOW[16]
  if c < sum(PX_LOW[-n:])/n:
    x = (x + 0.1)
  return x
XXX_output_XXX = p()

Genotype:
[58055, 64277, 99590, 71369, 68573, 32367, 25050, 39766, 56696, 5083, 48497, 83642, 27389, 46876, 40999, 35616, 498, 17220, 75065, 86120, 97629, 25375, 77727, 71221, 65299, 76087, 92382, 7391, 15713, 62555, 89125, 56937, 92033, 80692, 9790, 27024, 27012, 98892, 62736, 21345, 35110, 39911, 55020, 48970, 56057, 6025, 51157, 30012, 41277, 60689, 10348, 89603, 72811, 93076, 19415, 91166, 2840, 59222, 91165, 52304, 76676, 86012, 6708, 60751, 31068, 14628, 53307, 37537, 13413, 32269, 72732, 84144, 6725, 22603, 18101, 17378, 75969, 18485, 7996, 10487, 28093, 8015, 83646, 88462, 21169, 65282, 21385, 19175, 71816, 65489, 88714, 13132, 84926, 65980, 80125, 51687, 18327, 78897, 23210, 63019, 2887, 99131, 30714, 91367, 38111, 2778, 88587, 95343, 58575, 83831, 84910, 44909, 58535, 17400, 9033, 89834, 51119, 76917, 64837, 89164, 71630, 84078, 48499, 40845, 94615, 53207, 57643, 70405, 56869, 56455, 24746, 70848, 34449, 70289, 14778, 58506, 89517, 27346, 44520, 87604, 65315, 73900, 74067, 8130, 51920, 5302, 78065, 76461, 65089, 77644, 76578, 81216, 97827, 8541, 62116, 46255, 62375, 40142, 96772, 27408, 57590, 47942, 24140, 95724, 13316, 95551, 54121, 50433, 93980, 54947, 69717, 24162, 4722, 15127, 23692, 23824, 20910, 73106, 61562, 58888, 35698, 26913, 71617, 16742, 4232, 31897, 23019, 19354, 41026, 67511, 33087, 37508, 39804, 91755, 23165, 32970, 24563, 98560, 96505, 23729, 26106, 31259, 48763, 22053, 35924, 45052, 72278, 81828, 87648, 67055, 73181, 37852, 44061, 58862, 62036, 65979, 78709, 34026, 60105, 55982, 56893, 62628, 95730, 64816, 83069, 48894, 15836, 80949, 4011, 24346, 76263, 55905, 10385, 14784, 11347, 39327, 17155, 19675, 25830, 42064, 51364, 71282, 65513, 6335, 73956, 53030, 40697, 14674, 70832, 18269, 47342, 6459, 95201, 51293, 88770, 21443, 69201, 93379, 56300, 89278, 64678, 52332, 27016, 63710, 71599, 32856, 38415, 34817]
Tree:
None

Fitness:
1602507.05742