Generation:
21

Phenotype:
def p():
  x = 0.0
  n = 93
  b = 143
  c = PX_OPEN[-1] + PX_LOW[-1]
  if c > sum(PX_HIGH[-n:])/n:
    x = (x / 0.1)
  n = 221
  b = 26
  c = PX_HIGH[-1] + PX_HIGH[-1]
  if sum(PX_LOW[-n:])/n < PX_OPEN[215]:
    x = 0.6
  n = 123
  b = 151
  c = PX_HIGH[-1] * PX_HIGH[185]
  if PX_OPEN[b] / sum(PX_OPEN[-n:])/n < PX_OPEN[-1]:
    x = (x / 0.4)
  n = 89
  b = 91
  c = sum(PX_LOW[-n:])/n / sum(PX_OPEN[-n:])/n
  if PX_OPEN[140] + sum(PX_OPEN[-n:])/n < PX_LOW[63] + sum(PX_HIGH[-n:])/n:
    x = (x - 0.6)
  n = 90
  b = 207
  c = PX_HIGH[-1]
  if c > PX_HIGH[b]:
    x = 0.7
  return x
XXX_output_XXX = p()

Genotype:
[74231, 29054, 73751, 37130, 81519, 60413, 67301, 79098, 431, 15403, 86890, 19794, 7520, 98718, 4070, 33253, 57776, 12648, 80923, 17254, 25150, 33016, 1572, 76481, 65900, 25364, 19357, 55923, 90775, 34222, 5764, 7736, 88746, 70051, 84688, 91040, 44606, 32561, 45665, 30273, 707, 5045, 95025, 10188, 99966, 71463, 7112, 91171, 55759, 9227, 49567, 95066, 56413, 8098, 25, 64252, 21587, 57920, 5823, 87862, 98633, 29310, 15583, 82188, 2031, 34693, 4166, 75744, 47959, 69143, 6773, 72085, 5501, 32058, 39451, 82423, 89455, 76778, 62272, 53513, 33883, 18872, 84726, 76116, 1447, 35594, 18685, 45327, 41468, 86528, 4976, 72441, 60181, 91091, 82774, 41293, 49529, 56643, 67064, 63484, 26719, 707, 5045, 85096, 10188, 99966, 83315, 89751, 73089, 18266, 35458, 89297, 83984, 25317, 457, 15485, 68966, 81383, 13836, 88956, 27648, 34777, 18840, 62516, 60100, 92837, 30967, 91163, 72662, 76536, 4640, 31772, 14163, 33654, 96271, 35428, 29221, 58813, 457, 15485, 68966, 81383, 13836, 88956, 27648, 34777, 18840, 62516, 60100, 92837, 30967, 91163, 72662, 76536, 4640, 31772, 14163, 33654, 96271, 35428, 56565, 33989, 49700, 52498, 56686, 43541, 82102, 89885, 47136, 37857, 17478, 73474, 54087, 74934, 75694, 20629, 11881, 30465, 59149, 9513, 35525, 55195, 3865, 50285, 54884, 82423, 7653, 76778, 62272, 53513, 71473, 18872, 84726, 76116, 1447, 35594, 18685, 8025, 41468, 86528, 4976, 25840, 29733, 15113, 35257, 62577, 3178, 18887, 13349, 62569, 15955, 15212, 88512, 41773, 20251, 76367, 90288, 55205, 35103, 93876, 89125, 59178, 15, 71817, 85085, 21024, 31950, 19670, 40143, 54249, 59973, 8901, 97025, 29568, 21709, 72464, 68846, 21614, 81645, 90059, 25150, 2400, 69631, 52663, 22052, 52449, 63301, 92018, 91607, 97238, 54996, 67964, 47236, 43127, 62328, 31299, 4358, 18341, 76241, 74866, 87755, 421, 82573, 66795, 22877, 82161, 15042, 91152, 83658, 93748, 16692, 32935, 48306, 13497, 55662, 99896, 96495, 56019, 12669, 65614, 14858, 90488, 8201, 13299, 79085, 49739, 29802, 35198, 58050, 5275, 59795, 26315, 57750, 62076, 74118, 64883, 51240, 24849, 49721, 76659, 86400, 84000, 40921, 4532, 48458, 17374, 4059, 27806, 5396, 35536, 58951, 68734]
Tree:
None

Fitness:
64774.9258387