Generation:
30

Phenotype:
def p():
  x = 0.0
  n = 194
  if PX_OPEN[201] + PX_LOW[213] + PX_LOW[147] > PX_HIGH[215] + PX_LOW[8]:
    x = (x + 0.6)
  n = 8
  x = x
  if sum(PX_OPEN[-n:])/n == PX_HIGH[156]:
    n = 22
    x = (x * 0.6)
  return x
XXX_output_XXX = p()

Genotype:
[98172, 30244, 36012, 37586, 30448, 70934, 15225, 68898, 63079, 81057, 35379, 24592, 45356, 95907, 5003, 83049, 62901, 79314, 45734, 42535, 4643, 67658, 79958, 62901, 79314, 45734, 42535, 4643, 67658, 79958, 55948, 72177, 22693, 42009, 76775, 33038, 4728, 40185, 46208, 9121, 2023, 6306, 50438, 42666, 9370, 8331, 78183, 42009, 76775, 33038, 22767, 40185, 46208, 9121, 2023, 6306, 71376, 42666, 79251, 8331, 77233, 80580, 66606, 91506, 4103, 88019, 48542, 95432, 57844, 41404, 22278, 50334, 96357, 68678, 56254, 87048, 52826, 44640, 33098, 16773, 71688, 11326, 58620, 76647, 29706, 43209, 80991, 35379, 27362, 45734, 42535, 4643, 67658, 69685, 16573, 94586, 17493, 97247, 67842, 19275, 47153, 77298, 46737, 7527, 35137, 41404, 22278, 19248, 35529, 53532, 87399, 51036, 9935, 20298, 17493, 97247, 55434, 9364, 14529, 65545, 67733, 51011, 13771, 23451, 34662, 66957, 47375, 1335, 73605, 55902, 58638, 45771, 2261, 68832, 18789, 3379, 39588, 52715, 51477, 28589, 95772, 14852, 29528, 2091]
Tree:
None

Training fitness:
926219.426123
Test fitness:
15488.4189325