Generation:
30

Phenotype:
def p():
  x = 0.0
  n = 179
  b = 31
  c = PX_HIGH[-1]
  if PX_HIGH[-1] > sum(PX_HIGH[-n:])/n:
    x = (x + 1.0)
  n = 43
  b = 85
  c = PX_LOW[-1] / sum(PX_HIGH[-n:])/n
  if PX_HIGH[b] > sum(PX_OPEN[-n:])/n:
    x = (x + 0.2)
  return x
XXX_output_XXX = p()

Genotype:
[56356, 75463, 94789, 95995, 3869, 68707, 66697, 12418, 46250, 84025, 91482, 55814, 86767, 57616, 4112, 22876, 3856, 98329, 488, 43084, 53917, 4826, 1561, 28196, 46275, 66593, 39786, 38321, 21975, 61152, 69937, 89808, 92253, 17569, 21670, 4916, 94785, 24516, 35941, 35529, 90549, 488, 73397, 23424, 96047, 99768, 83042, 21156, 45585, 66625, 80757, 37162, 18875, 92317, 88493, 72350, 22463, 32184, 4112, 35941, 3856, 42555, 37731, 23372, 22380, 55358, 28200, 95106, 99822, 50421, 48193, 4613, 28259, 43126, 88267, 28828, 55540, 83920, 71884, 23592, 5365, 57969, 23879, 26616, 3693, 70385, 91797, 41282, 98473, 22534, 58609, 5173, 85742, 14342, 43310, 20600, 1770, 3614, 77989, 70192, 33338, 36836, 26310, 83687, 76385, 19839, 76271, 38922, 91218, 2601, 43763, 19245, 45737, 21696, 69676, 20170, 84773, 41291, 25613, 33651, 21767, 13835, 21019, 88124, 61578, 471, 87024, 65359, 19267, 36604, 26892, 41845, 38082, 23930, 70904, 8689, 35147, 90184, 8805, 20853, 30017, 86448, 36064, 15047, 20732, 55131, 86361, 73172, 92389, 8442, 59514, 29966, 42210, 23241, 47262, 88531, 90259, 19250, 49554, 96638, 14223, 56941, 94797, 33355, 38333, 62245, 78872, 36983, 67690, 84444, 14046, 51092, 51943, 40535, 24435, 38348, 68150, 34752, 5757, 86425, 64659, 57350, 77205, 34988, 74205, 5377, 46257, 22757, 51214, 6090, 2259, 55667, 3328, 25831, 16304, 45443, 41548, 20061, 72482, 73213, 17947, 78209, 15715, 80626, 63956, 62470, 70893, 56646, 97382, 70265, 42817, 62309, 2716, 85117]
Tree:
None

Training fitness:
2334625.23603
Test fitness:
15488.4189325