Generation:
9

Phenotype:
def p():
  x = 0.0
  n = 108
  b = 76
  c = PX_OPEN[-1]
  if PX_OPEN[-1] - PX_LOW[b] / sum(PX_OPEN[-n:])/n < PX_HIGH[13]:
    x = (x - 1.0)
  n = 86
  b = 23
  c = PX_LOW[b]
  if c > PX_LOW[b] / sum(PX_LOW[-n:])/n + PX_HIGH[-1] - PX_OPEN[48] - sum(PX_OPEN[-n:])/n / PX_HIGH[-1]:
    x = (x + 1.0)
  n = 9
  b = 182
  c = PX_HIGH[-1] / sum(PX_OPEN[-n:])/n
  if c > sum(PX_OPEN[-n:])/n:
    x = (x - 0.1)
  n = 155
  b = 134
  c = PX_LOW[-1]
  if PX_HIGH[b] > PX_HIGH[-1] / sum(PX_HIGH[-n:])/n:
    x = (x / 0.9)
  n = 231
  b = 229
  c = PX_OPEN[229]
  if PX_HIGH[-1] - sum(PX_OPEN[-n:])/n > PX_OPEN[b]:
    x = (x * 0.5)
  n = 59
  b = 8
  c = sum(PX_HIGH[-n:])/n
  if PX_LOW[-1] > sum(PX_OPEN[-n:])/n:
    x = 0.1
  n = 59
  b = 117
  c = PX_HIGH[151]
  if c < PX_LOW[-1] - PX_LOW[132] + PX_HIGH[-1]:
    x = 0.9
  return x
XXX_output_XXX = p()

Genotype:
[43746, 18917, 32502, 9030, 15360, 45484, 90112, 53256, 72510, 72567, 32336, 60451, 45502, 2534, 86916, 49001, 61559, 65526, 9593, 31322, 87255, 19564, 31284, 16053, 90113, 13990, 15265, 57437, 91699, 98493, 16414, 47564, 30774, 29051, 93738, 90705, 15536, 96919, 80044, 68147, 74308, 56475, 57926, 36257, 1010, 38739, 40360, 93941, 22492, 13927, 25241, 83759, 48439, 61562, 38422, 65, 98877, 37719, 63024, 33281, 98723, 56466, 94224, 57954, 1027, 64850, 3148, 91051, 25089, 36456, 90662, 2715, 738, 65372, 59166, 16839, 42959, 67674, 5791, 6031, 66020, 53061, 14115, 4308, 18032, 57603, 16057, 73540, 3389, 38097, 92405, 69049, 10958, 38164, 55446, 2255, 22708, 82261, 42637, 76058, 76743, 27940, 31270, 73297, 19443, 77064, 52000, 66244, 91188, 7078, 57500, 72063, 66, 79441, 56875, 91869, 46197, 5887, 61110, 3583, 46570, 90666, 63940, 17389, 73276, 2196, 5856, 72913, 59544, 338, 16664, 40188, 24588, 44093, 84825, 11816, 11855, 86192, 7504, 57890, 82166, 23780, 21026, 33916, 43470, 9480, 53200, 44848, 29808, 44093, 1010, 38739, 40360, 93941, 22492, 13927, 25241, 83759, 48439, 61562, 38422, 65, 98877, 37719, 63024, 33281, 98723, 56466, 94224, 57954, 1027, 64850, 3148, 91051, 79456, 36456, 90662, 2715, 5887, 91931, 3583, 46570, 90666, 63940, 17389, 73276, 2196, 5856, 72913, 59544, 9716, 16664, 40188, 24588, 44093, 84825, 11816, 11855, 86192, 7504, 57890, 82166, 23780, 21026, 33916, 43470, 9480, 53200, 44848, 29808, 51587, 96075, 19053, 53550, 4995, 33817, 51587, 96075, 19053, 53550, 5904, 43628, 16482, 87372, 64060, 78361, 61314, 50346, 47801, 13600, 99443, 2461, 45843, 39698, 26014, 38370, 35941, 90254, 61616, 70844, 3865, 20100, 88631, 23785, 100, 305, 31945, 64790, 81753, 93888, 99138, 2981, 62258, 48187, 82707, 7182, 29814, 64001, 23887, 82627, 79221, 18359, 97512, 62524, 3319, 46577, 88601, 92125, 36994, 96294, 11254, 47339, 7272, 75352, 51908, 53075, 93360, 47699, 34945, 63718, 56504, 21845, 92606, 28681, 39925, 40053, 28100, 89697, 9758, 31465, 61465, 11937, 22232, 47997, 37074, 4781, 13501, 99588, 7048, 25908, 2563, 67929, 37598, 85572, 95540, 11765, 12875, 17204, 97974, 90978, 4226, 72533, 37759, 86767, 36862, 20021, 68599, 2622, 26120, 1590, 47836, 56860, 49646, 11472, 25422, 33081, 77854, 81774, 27726, 33454, 82910, 32935, 49801, 37733, 15118, 55377, 48231, 99105, 7282, 75952, 92113, 74655, 49882, 35355, 51992, 93805, 67184, 26679, 37382, 66439, 7537, 9121, 57662, 44585, 42094, 81182, 80294, 14453, 93528, 98556, 37146, 87698, 60028, 13539, 54190, 93122, 95346, 60330, 56528, 92394, 60957, 21430, 41361, 61667, 89513, 28751, 60912, 86912, 7491, 84697, 39255, 55885, 66097, 22988, 43949, 83506, 87666, 99770, 46696, 56626, 55971, 60633, 43848, 73222, 31063, 46718, 86792, 12804, 8169, 43522, 29968, 95135, 60658, 30545, 38375, 87007, 22546, 57415, 9781, 88098, 44466, 17367, 74079, 28984, 33661, 70988, 74242, 10667, 5800, 15772, 20125, 52442, 32396, 11564, 66722, 2844, 80460, 74930, 28208, 45361, 64198, 65347, 37390, 97880, 86933, 7414, 67260, 24732, 91994, 59562, 25237]
Tree:
None

Fitness:
46467.7290738