Generation:
20

Phenotype:
def p():
  x = 0.0
  n = 19
  b = 217
  if sum(PX_HIGH[-n:])/n < PX_OPEN[-1]:
    x = 0.9
  n = 171
  b = 97
  if PX_HIGH[-1] < sum(PX_OPEN[-n:])/n / PX_HIGH[-1]:
    x = (x + 0.3)
  n = 60
  b = 136
  if PX_LOW[-1] > sum(PX_OPEN[-n:])/n + PX_OPEN[b]:
    x = (x + 0.8)
  n = 89
  b = 8
  if 0.3 > 0.4:
    x = (x - 0.8)
  n = 112
  b = 72
  if 0.2 > sum(PX_OPEN[-n:])/n * PX_LOW[-1]:
    x = (x - 0.4)
  n = 228
  b = 213
  if PX_OPEN[-1] - PX_OPEN[-1] / sum(PX_LOW[-n:])/n > sum(PX_LOW[-n:])/n:
    x = (x + 0.3)
  n = 79
  b = 50
  if PX_OPEN[-1] < 0.7 * PX_OPEN[-1]:
    x = (x + 0.3)
  return x
XXX_output_XXX = p()

Genotype:
[43222, 65001, 22059, 72269, 41593, 77295, 24571, 48854, 62125, 91777, 85889, 6667, 96828, 84540, 24608, 90932, 50879, 83565, 95407, 22729, 30173, 28787, 67, 74913, 10623, 60090, 90340, 50046, 52335, 84652, 75922, 45241, 16052, 44129, 26455, 3996, 70060, 4564, 6446, 90477, 78407, 97542, 35293, 82004, 81440, 77499, 48072, 24571, 7980, 4241, 91777, 85889, 6667, 61097, 84540, 24608, 90932, 50879, 86512, 31182, 3029, 30173, 28787, 67, 74913, 10623, 604, 1259, 81006, 91494, 75494, 47691, 33732, 56688, 58060, 64285, 20115, 6446, 90477, 78407, 97542, 35293, 26148, 78407, 91494, 93766, 47691, 33732, 56688, 58060, 90572, 87813, 3029, 30173, 28787, 67, 74913, 10623, 60090, 1259, 81006, 37200, 75494, 47691, 33732, 56688, 58060, 64285, 20115, 6446, 90477, 78407, 97542, 35293, 26148, 81440, 77499, 99556, 56438, 63297, 58383, 21456, 22752, 23374, 49863, 47896, 98612, 39008, 24044, 68359, 25004, 78614, 84960, 63172, 19209, 33444, 93268, 24358, 884, 26251, 50300, 97151, 31182, 3656, 30173, 92070, 67, 63407, 73860, 23062, 35164, 23620, 14876, 9026, 2471, 98842, 7340, 25105, 39917, 70217, 74325, 85931, 11540, 41567, 77155, 40752, 25358, 98696, 97874, 54497, 63467, 98330, 67292, 8569, 16116, 68567, 96407, 73125, 16887, 88632, 85992, 80959, 63501, 75356, 53777, 34424, 61938, 48396, 94716, 88065, 90482, 79518, 27454, 33732, 56688, 58060, 64285, 20115, 6446, 90477, 78407, 97542, 35293, 26148, 81440, 77499, 99556, 73387, 63297, 58383, 21456, 22752, 23374, 49863, 47896, 98612, 39008, 24044, 68359, 25004, 78614, 84960, 63172, 78583, 41274, 82423, 42810, 63075, 49349, 13105, 93995, 80319, 42562, 64096, 55168, 87859, 4365, 38371, 77713, 37934, 43031, 56519, 3750, 41320, 39987, 97368, 10031, 52469, 91722, 63094, 70837, 89657, 8647, 9613, 92244, 72157, 87928, 28123, 68953, 73549, 28748, 65380, 39111, 70552, 40299, 71513, 47114, 40940, 61628, 46478, 67025, 83992, 65445, 97571, 88286, 41045, 5638, 94645, 99652, 18221, 49604, 14043, 91195, 938, 15391, 73037, 25322, 88589, 22133, 52725, 48433, 65165, 74382, 63381, 10980, 20512, 89479, 94402, 50843, 77711, 84338, 93138, 61036, 47428, 44192, 52848, 19667, 6525, 54227, 52763, 43890, 64454, 21626, 36895, 98151, 76714, 3465, 31981, 43936, 22467, 79178, 95941, 55026, 97729, 57014, 54945, 590, 85955, 28558, 58821, 25704, 39952, 4926, 88123, 82565, 76583, 22864, 60920, 30636, 68523, 51249, 69429, 52225, 45742, 64008, 98537, 20305, 61343, 18099, 64263, 96584, 48178, 44747, 18206, 69037, 90505, 59866, 26637]
Tree:
None

Training fitness:
2588513.73808
Test fitness:
15718.3488834